74376250419078191927678619186403682830409243052653238091868987802025028913234965168456966493702459046263543050185983969174556992677747915459310868571494681752788297173073399371395387645379243945525036271811703486010799261039755221129073316634606169749988504731305877697611069348742154425229425950832481705647,3
76802953309209284596902889038538481846586689375661836626144323698642545316061705663560395112714309283660527497358073370961018842547256313350147233760695366172865667924482635201987038319980508513406949749612564247958138313420997076261204379809162784620175758661322485865444470696594411446835604456456916605179,3
90799465206000558715539125689360163774610054808385499157965101149059568295694109615003418838239957826647013008474788735519279343973402629839619860253902417374493773421729378752824069284030691095323798672468828492522437151061698792285283342461119112755880631607896956301145232015122818161188969400052741584389,3
67262781906408505329768852345696564691889806874869260210708425586395498815122714536721749988031747510401774967818364095020078299144496506914248032882267126548000504896309550962326864391382093677213386122105042678492342794329311073713545207243934840370083474874886191797605585649594753912788514422753183488643,3
99009368805399456529388540316534799779952287905183844138364029641401743164225301720550878400682823727678687533292899357232909067386508945540906070510820745171508508356601739553920258436308668598396248020326997755535629711218935585770928397425594017842543081183239429514346912047038136368065107952354688720241,3
96621360506078303183210185670550748847728492154288944257837975606019022848578030478116165658764359892127328427033199745541107145445767115727810951045264682949499158919471734982633103149560230437764811713132156346241398194961948204454164090010574728993949914781140300504640847909283968986380955815616725843353,3
86292440077278620613960194946527268237871127468827680918887689767958364391366455441705653880169395887082739993197342464721412500755521249321316916185612888828916811025793673591560288330826150642759654427416814842093768931340365702470117789921232160965561166030761271161400327996041606286275334990251826041843,3
102312917609904611937296998314980209020049156194262711169966016949173944248347978878156023123223754032443978555376742253475436012780905213760111711306931839126089104298173242101595245478239598267931175495432681980813180058848818840172623874659569582289039239143541708862318129354469223861189550089021296584137,3
100203990809047083322120679630796731121003562164560935034988219648499117533532050839957960674526245978403997038264988903909006670048205420509823996279736934404074530448377513628668362842893948537501258886296817858669050541765017486370979261120815351150678347627938581674875468367248681089812917632364869348839,3
82013936440573793582429868663534578099307710425214729992868367544841985650273506832815657419195455824453993691383743012192222470827111449732506675400775019431141517407774129671020644630738320676823636123889089784686202480672107920109560895273236512987552170429812702789543755025062799640300747842656414676691,3
